  60154.00   .129956   .000000   .043983   .098345   .078368   .033523365.25
435.00   .357763   .000000  -.063749  -.040357   .045988   .079734365.25435.00
  60309.00   .054605  -.000027   .000000   .000000  -.022000   .006000
   .000000   .000000   .012000  -.007000 500.0000 500.0000 365.2500 182.6250
  37 4264 60573  60572 00000    -.027043
                 60573     .22276784     .42153334     .05716977
                 60574     .22382161     .41980793     .05673831
                 60575     .22474946     .41813417     .05662023
                 60576     .22553511     .41651531     .05681195
                 60577     .22619635     .41493536     .05723367
                 60578     .22677208     .41337178     .05776730
                 60579     .22730561     .41180538     .05829473

